value,units,duration,cleanup,beam_diameter
450.0,watts,1320.0,30.0
500.0,watts,1320.0,30.0
550.0,watts,1320.0,30.0
600.0,watts,1320.0,30.0
625.0,watts,1320.0,30.0
650.0,watts,1320.0,30.0
675.0,watts,1320.0,30.0
700.0,watts,1320.0,30.0
725.0,watts,1320.0,30.0
750.0,watts,1320.0,30.0
760.0,watts,1320.0,30.0
770.0,watts,1320.0,30.0
780.0,watts,1320.0,30.0
790.0,watts,1320.0,30.0
800.0,watts,1320.0,30.0
810.0,watts,1320.0,30.0
820.0,watts,1320.0,30.0
830.0,watts,1320.0,30.0
840.0,watts,1320.0,30.0
850.0,watts,1320.0,30.0
860.0,watts,1320.0,30.0
870.0,watts,1320.0,30.0
890.0,watts,1320.0,30.0
910.0,watts,1320.0,30.0
930.0,watts,1320.0,30.0
950.0,watts,1320.0,30.0
970.0,watts,1320.0,30.0
1000.0,watts,1320.0,30.0
1050.0,watts,1320.0,30.0
1100.0,watts,300.0,30.0
1200.0,watts,300.0,30.0
1500.0,watts,300.0,30.0
